number_parameters: 4
background_weight: 0.000000000000000
background_parameters[4]: 1.00000000000000000000, 0.50000000000000000000, 12.00000000000000000000, 1.00000000000000000000
background_step[4]: 0.02000000000000000042, 0.00000400000000000000, 0.00008000000000000001, 0.02000000000000000042
background_min[4]: 0.00000000000000000000, 0.29999999999999998890, 2.87999999999999989342, 0.10000000000000000555
background_max[4]: 3.00000000000000000000, 0.69999999999999995559, 21.12000000000000099476, 3.00000000000000000000
optimize_parameter[4]:  0, 1, 1, 0
number_streams: 3, 5
stream_weight: -1.500000000000000
stream_weight_step: 0.000001000000000
stream_weight_min: -3.500000000000000
stream_weight_max: 0.500000000000000
optimize_weight: 1
stream_parameters[5]: 190.00000000000000000000, 33.89999999999999857891, 1.85000000000000008882, 3.04999999999999982236, 4.50000000000000000000
stream_step[5]: 0.00003000000000000000, 0.00004000000000000000, 0.00006000000000000000, 0.00004000000000000000, 0.00000400000000000000
stream_min[5]: 169.00000000000000000000, 24.78000000000000113687, 1.21999999999999997335, 2.41999999999999992895, 0.50000000000000000000
stream_max[5]: 211.00000000000000000000, 43.02000000000000312639, 2.47999999999999998224, 3.68000000000000015987, 8.50000000000000000000
optimize_parameter[5]:  1, 1, 1, 1, 1
stream_weight: -0.950000000000000
stream_weight_step: 0.000001000000000
stream_weight_min: -2.950000000000000
stream_weight_max: 1.950000000000000
optimize_weight: 1
stream_parameters[5]: 210.00000000000000000000, 35.53000000000000113687, 1.50000000000000000000, 3.18000000000000015987, 10.00000000000000000000
stream_step[5]: 0.00003000000000000000, 0.00004000000000000000, 0.00006000000000000000, 0.00004000000000000000, 0.00000400000000000000
stream_min[5]: 189.00000000000000000000, 26.41000000000000014211, 0.86999999999999999556, 2.54999999999999982236, 6.00000000000000000000
stream_max[5]: 231.00000000000000000000, 44.64999999999999857891, 2.12999999999999989342, 3.81000000000000005329, 14.00000000000000000000
optimize_parameter[5]:  1, 1, 1, 1, 1
stream_weight: -0.930000000000000
stream_weight_step: 0.000001000000000
stream_weight_min: -2.930000000000000
stream_weight_max: 1.930000000000000
optimize_weight: 1
stream_parameters[5]: 180.00000000000000000000, 14.56000000000000049738, 1.96999999999999997335, -0.40000000000000002220, 4.16000000000000014211
stream_step[5]: 0.00003000000000000000, 0.00004000000000000000, 0.00006000000000000000, 0.00004000000000000000, 0.00000400000000000000
stream_min[5]: 159.00000000000000000000, 5.44000000000000039080, 1.34000000000000007994, -1.03000000000000002665, 0.16000000000000000333
stream_max[5]: 201.00000000000000000000, 23.67999999999999971578, 2.60000000000000008882, 0.23000000000000000999, 8.16000000000000014211
optimize_parameter[5]:  1, 1, 1, 1, 1
convolve: 120
sgr_coordinates: 0
wedge: 15
r[min,max,steps]: 16.000000000000000, 22.500000000000000, 700
mu[min,max,steps]: 135.000000000000000, 240.000000000000000, 800
nu[min,max,steps]: -1.250000000000000, 1.250000000000000, 320
number_cuts: 0
